25738019107	12
25738888920	14
25739003392	2
25739003392	2
25739538804	2
25739576086	14
25739589814	0
25740089666	12
25740907187	14
25741468032	0
25741661806	2
25741681453	2
25742583461	14
25743175248	2
25743317737	2
25743354131	2
25743374583	2
25743487873	2
25743924073	14
25744397029	2
25744428924	2
25744430261	14
25744488497	0
25744723133	0
25745239504	0
25745362794	0
25745623223	0
25745669654	2
25746138324	12
25746185072	0
25747639618	0
25747850432	0
25748289470	14
25748423653	0
25748467435	14
25748753605	0
25748881634	14
25749053951	2
25749361127	2
25749533671	2
25749598748	14
25749987347	2
25750373981	11
25750405794	11
25750475319	2
25750523124	2
25750937259	11
25751088410	11
25751108452	0
25751223286	0
25751571375	2
25751661610	11
25751732881	2
25751757628	0
25751764009	11
25751822053	11
25751836218	0
25752099752	0
25752286208	0
25752413746	2
25752422463	0
25752715334	12
25752773276	0
25752792659	11
25752798357	2
25752817463	11
25752843748	0
25752870555	2
25752871778	2
25752898180	2
25752970510	2
25752982896	2
25752994880	2
25753032102	11
25753206457	0
25753208912	0
25753735495	11
25754395144	12
25754426774	12
25754643401	0
25754990922	12
25755023841	0
25755134127	12
25755136196	12
25755174241	12
25755310496	11
25755599178	13
25756231412	11
25756786201	11
25757412558	11
25757659082	0
25758433717	2
25758771816	14
25759314769	2
25759408465	0
25761300547	0
25761328368	0
25761436359	0
25761436512	0
25762583432	0
25762879037	0
25763022512	11
25763496107	14
25763646257	11
25763655649	14
25763674162	11
25763798856	14
25764507155	14
25764517335	13
25765995930	11
25766074163	14
25766156956	12
25766181503	14
25766219141	13
25767373029	14
25767487998	14
25767558398	12
25767761490	14
25767761662	14
25767849517	12
25767873464	14
25768078308	14
25768445824	12
25768639867	14
25769081951	14
25769316309	0
25769654490	14
25770272649	14
25771454319	13
25772035478	14
25772966392	0
25773317537	13
25773772049	11
25775333266	12
25775670013	14
25776044618	0
25776134395	0
25776932459	12
25777265655	12
25777484442	0
25777513107	0
25777656040	11
25778191276	0
25778236731	0
25778279016	2
25778449187	0
25778454507	14
25779475121	11
25779809974	14
25780093716	0
25780287100	0
25780287158	0
25780287220	0
25780287233	0
25780287435	0
25780439436	14
25780517772	13
25781041771	0
25781097623	0
25781297867	14
25781346497	0
25782165722	11
25782171062	0
25782654403	14
25783043224	11
25783043320	11
25783375217	2
25783831234	11
25783969299	0
25784019327	0
25784096307	11
25784385511	2
25784464336	14
25784483609	11
25785688632	0
25786041496	14
25786520505	2
25786669914	2
25786705819	2
25786852172	2
25786892030	2
25787143037	0
25787157607	0
25787198111	2
25787228805	2
25787382633	11
25787433163	2
25787710116	2
25787729243	11
25787767513	2
25787966145	2
25788082562	11
25788908817	11
25789328621	0
25789882909	12
25790045674	0
25790326407	0
25790476450	0
25790481146	12
25790665898	0
25790764312	0
25790888470	13
25791392214	2
25791979317	11
25792174812	2
25792195766	11
25792195915	11
25792486244	2
25792574325	11
25792659618	0
25792659618	0
25792756000	11
25792775111	0
25792826120	11
25792873244	13
25792904015	11
25792955632	11
25792956398	11
25792956429	11
25792956563	11
25792957003	11
25792986451	0
25793029498	11
25793029645	11
25793034679	11
25793051450	2
25793085859	0
25793086235	0
25793149101	2
25793230703	0
25793502259	11
25793615995	11
25793695689	11
25793763614	2
25793770727	0
25793978439	11
25794028969	0
25794033433	2
25794130386	11
25794240132	0
25794374999	0
25794432611	11
25795198918	11
25795199999	0
25795226541	11
25795427440	11
25795758369	14
25795791315	11
25795791351	0
25795823697	0
25795848828	2
25796363647	11
25796646317	11
25796876273	11
25797157181	0
25797242201	11
25797479017	2
25797510915	11
25797642364	2
25797664660	0
25797694704	0
25797700582	2
25797777070	0
25797788036	11
25798390642	14
25798391344	14
25798391680	14
25798391764	14
25798391811	14
25798567583	0
25798774432	2
25798971074	2
25799362021	0
25799385724	11
25799410038	11
25799415660	11
25799502238	0
25799660265	11
25799773553	0
25800202418	12
25800206069	0
25800275218	14
25800343240	0
25800354648	11
25800471551	11
25800523131	0
25800546281	11
25800654521	2
25800676283	11
25800728416	2
25800732011	11
25800880019	11
25800890934	2
25800918796	2
25800963321	11
25801176956	11
25801181511	11
25801237868	11
25801244069	12
25801398374	2
25801674771	2
25801788954	11
25801865490	11
25802100184	2
25802912803	14
25803109552	11
25803124699	11
25803361004	2
25803522292	11
25803522770	11
25803523071	11
25803869826	11
25803953987	11
25804026051	2
25804257062	14
25804796669	11
25805130984	0
25805665357	0
25805848540	12
25805943819	0
25805963620	0
25806103914	0
25806106624	12
25806280488	2
25806440771	11
25806451567	12
25806474094	11
25806647784	11
25806742395	12
25806788137	11
25807491628	0
25807804955	12
25807891209	11
25808257750	11
25808312781	11
25808432711	0
25808449203	0
25808654475	0
25808710884	0
25808725555	14
25808839808	12
25808848240	12
25809137523	11
25809313543	11
25809373903	12
25809397464	11
25809414840	12
25809422104	12
25809427413	12
25809433762	12
25809435854	12
25809440257	12
25809442211	11
25809456285	12
25809476021	12
25809501326	12
25809502030	12
25809528054	0
25809582734	12
25809612004	12
25809627120	12
25809641503	12
25809645907	12
25809737560	12
25809776207	11
25809777278	12
25809839762	12
25809903385	12
25809913674	0
25810134494	12
25810153694	12
25810167911	0
25810208296	12
25810350804	2
25810384706	14
25810447071	12
25810450749	12
25810475713	11
25810510998	12
25810514743	11
25810605090	11
25810697503	11
25810750803	11
25810785539	12
25810815747	12
25810852678	12
25810918512	12
25810962262	12
25811052663	12
25811103776	12
25811161846	12
25811459206	12
25811614247	12
25811852245	12
25812071252	11
25812097258	11
25812485277	11
25812634267	12
25813373008	12
25813602910	11
25813632775	12
25813692768	12
25814081880	12
25814271426	11
25814498281	11
25814619488	11
25814692386	2
25815291389	12
25815366788	11
25815402677	12
25815420343	12
25815454525	12
25815490073	11
25815502926	11
25815585927	11
25815741684	11
25815852435	2
25816008478	12
25816014547	11
25816223660	14
25816282553	11
25816354370	11
25816371619	11
25816774953	13
25816869328	0
25816994587	0
25817022399	11
25817316250	12
25817388531	12
25817438247	12
25817444114	12
25817470843	12
25817563744	12
25817640534	12
25817691494	0
25817730973	11
25817779490	11
25817818980	0
25817848753	0
25817885609	0
25817956128	11
25818001719	12
25818083608	0
25818159441	11
25818184125	12
25818239621	2
25818324644	2
25818326007	2
25818351904	2
25818393475	0
25818400223	2
25818465293	2
25818567156	12
25818597947	11
25818763338	0
25818843473	2
25818873922	2
25818995740	2
25819009219	12
25819017156	11
25819087670	11
25819137252	11
25819147713	12
25819198206	12
25819224491	0
25819232645	2
25819351975	0
25819408632	2
25819452915	0
25819474549	12
25819866974	12
25819947016	11
25820003794	11
25820094386	2
25820330667	12
25820485941	11
25820584588	13
25820644017	11
25820658392	0
25820689252	11
25820746171	11
25820784481	11
25820805848	2
25820837967	12
25820966158	12
25821012003	12
25821030573	12
25821177096	12
25821210454	12
25821343442	11
25821366578	12
25821734048	11
25821761163	12
25821891818	11
25822041090	11
25822085358	2
25822101094	12
25822349317	12
25822357480	12
25822445477	2
25822446330	2
25822503875	12
25822517197	12
25822521106	2
25822551666	12
25822723922	14
25822855723	11
25822923591	2
25822941866	11
25823119073	12
25823207143	11
25823246441	12
25823249290	2
25823408669	11
25823440608	12
25823570793	11
25823594989	0
25824549009	12
25824887358	12
25824969618	14
25825037701	11
25825130171	12
25825340315	12
25825535974	12
25825573591	12
25825650830	14
25825664426	12
25825666345	12
25825679028	0
25825785411	11
25826010896	0
25826098460	0
25826229295	0
25826376118	12
25826485531	12
25826613063	11
25826622632	12
25826654254	11
25826658959	12
25826673861	11
25826675895	12
25826676078	12
25826704636	11
25826719856	12
25826750517	11
25826774008	14
25826805648	14
25826806765	14
25826841132	11
25826880599	11
25826916419	11
25826959295	0
25826980031	12
25827033354	14
25827058766	11
25827062355	11
25827119809	14
25827206402	11
25827207755	14
25827387814	14
25827762156	2
25827768598	0
25827782232	0
25827823341	11
25827843341	0
25827851837	0
25827860057	11
25827887639	0
25827918098	0
25827971866	11
25828017860	0
25828043540	12
25828123791	11
25828153439	0
25828170109	11
25828204024	0
25828249659	11
25828283684	0
25828384970	0
25828416390	0
25828491866	11
25828589309	0
25828636040	11
25828663451	12
25828742339	11
25828811645	0
25828904801	0
25828905031	0
25828908330	0
25828956832	0
25829084290	0
25829085990	0
25829117319	0
25829152921	12
25829193787	11
25829382710	0
25829418789	2
25829587029	14
25829673475	0
25829754665	11
25829851423	12
25829893830	14
25830348089	0
25830772056	14
25831888869	0
25831904149	12
25831948701	11
25831977644	0
25832027658	0
25832106815	0
25832158646	11
25832165108	11
25832456029	11
25832619438	0
25832681383	0
25833042325	12
25833047452	2
25833274458	2
25833292024	11
25833293755	12
25833513330	2
25833716377	11
25833797274	0
25833835747	11
25833931998	11
25834017746	12
25834183414	11
25834193595	0
25834410956	12
25834578133	12
25834630256	12
25834680832	11
25834691569	0
25834729644	11
25834767741	12
25834914444	12
25834975192	12
25835189510	11
25835273292	14
25835390127	12
25835703114	12
25836442237	11
25837167602	0
25838152253	13
25838341746	11
25838412289	11
25838601798	11
25838606691	11
25838713139	12
25839052812	11
25839190559	11
25839245116	12
25840022025	0
25840333754	14
25840689837	14
25840852820	14
25840976061	14
25841608119	14
25841805157	12
25842059068	12
25842378339	11
25842400172	0
25842447431	0
25843424456	13
25843424494	13
25843424610	13
25843425297	13
25843453468	0
25843512981	13
25843545332	13
25843612130	2
25843726935	2
25844074003	0
25844452715	0
25844473064	12
25844542989	0
25844752112	12
25844881259	0
25844924338	13
25844969390	12
25845130112	11
25845675668	11
25845693277	0
25845807269	11
25845879715	2
25845915143	2
25846051404	14
25846081716	14
25846152080	12
25846239603	2
25846797369	0
25847030995	12
25847146042	14
25847150898	12
25847375680	14
25847730262	12
25848020963	0
25848029294	14
25848139332	12
25848184469	14
25848390258	2
25848460964	11
25848489626	12
25848678843	0
25848727155	12
25848795594	13
25848981551	13
25849175473	13
25849188576	13
25849201009	13
25849245245	13
25849253657	13
25849264006	13
25849272365	13
25849280496	13
25849288087	14
25849288087	13
25849295376	13
25849304296	13
25849311572	13
25849355671	2
25849407795	0
25849664143	0
25849701353	13
25849718064	14
25850032499	12
25850570891	2
25850591733	2
25850602050	2
25850604559	2
25850607451	2
25850610084	2
25850611370	2
25850613870	2
25850614910	2
25850615326	2
25850619946	2
25850619992	2
25850622036	2
25850622470	2
25850624436	2
25850627383	2
25850629464	2
25850629869	2
25850630825	2
25850630825	2
25850632566	2
25850632915	2
25850637841	2
25850638920	2
25850639593	2
25850639883	2
25850643405	2
25850644054	2
25850645145	2
25850645564	2
25850645886	2
25850647086	2
25850647260	2
25850648337	2
25850650861	2
25850654296	2
25850655884	2
25850660188	2
25850660414	2
25850660622	2
25850660628	2
25850660653	2
25850661426	2
25850661453	2
25850662602	2
25850671502	2
25850673659	2
25850673676	2
25850678053	2
25850680581	2
25850681984	2
25850682455	2
25850686880	2
25850687505	2
25850688050	2
25850688165	2
25850688219	2
25850688504	2
25850692225	2
25850692407	2
25850694191	2
25850696176	2
25850697026	2
25850697368	2
25850698168	2
25850698816	2
25850699218	2
25850700112	2
25850702886	2
25850704399	2
25850705462	2
25850707104	2
25850710120	2
25850713363	2
25850713707	2
25850715061	2
25850717004	2
25850723619	2
25850726002	2
25850726407	2
25850728288	2
25850729999	2
25850730507	2
25850730547	2
25850732289	2
25850735436	2
25850735578	2
25850735791	2
25850736191	2
25850736500	2
25850738564	2
25850740132	2
25850740321	2
25850741785	2
25850745034	2
25850745248	2
25850751149	2
25850751689	2
25850752360	2
25850753927	2
25850759064	2
25850760416	2
25850760548	2
25850763105	2
25850764672	2
25850764705	2
25850764968	2
25850766507	2
25850766583	2
25850767700	2
25850772471	2
25850774177	2
25850774843	2
25850776090	2
25850779012	2
25850780411	2
25850780598	2
25850780622	2
25850784427	2
25850789141	2
25850789669	2
25850792090	2
25850796897	2
25850797807	2
25850799186	2
25850800157	2
25850800627	2
25850806764	2
25850807770	2
25850808024	2
25850809375	12
25850814137	2
25850814231	2
25850819405	2
25850821738	2
25850821866	2
25850824531	2
25850824693	2
25850828853	2
25850829133	2
25850830174	2
25850839535	2
25850840146	2
25850840847	2
25850841737	2
25850847861	2
25850848637	2
25850848661	2
25850849419	2
25850851743	2
25850852201	2
25850853348	2
25850853840	2
25850863088	2
25850863789	2
25850866987	2
25850874693	2
25850877378	2
25850879456	2
25850881061	2
25850882038	2
25850882317	2
25850885270	2
25850888589	2
25850889287	2
25850891643	2
25850892346	2
25850897408	2
25850905612	2
25850905807	2
25850907685	2
25850909449	2
25850910026	2
25850910863	2
25850912397	2
25850914773	2
25850915834	2
25850916949	2
25850920124	2
25850925287	2
25850945066	2
25850955973	2
25850957860	2
25850970334	2
25850972124	2
25850980502	2
25850984727	2
25850989944	2
25850990903	2
25850993308	2
25850993379	12
25850993581	2
25850993888	2
25850995301	2
25851000428	2
25851003486	2
25851016851	2
25851028508	2
25851030128	2
25851032468	2
25851033015	2
25851035240	14
25851043075	2
25851044939	2
25851046383	2
25851048125	2
25851051525	2
25851055133	2
25851055656	2
25851064910	2
25851074931	2
25851076384	2
25851078793	2
25851086908	0
25851090029	2
25851090407	2
25851091902	2
25851096685	2
25851100966	2
25851106352	12
25851111296	2
25851121712	2
25851122336	2
25851125534	2
25851127244	2
25851128202	12
25851135423	2
25851137490	12
25851145372	2
25851146155	2
25851149028	2
25851151337	2
25851154273	2
25851158157	2
25851161118	2
25851162252	2
25851162364	2
25851165337	2
25851167296	2
25851167594	2
25851176783	12
25851179884	2
25851180721	2
25851208232	2
25851208739	2
25851210640	2
25851212558	2
25851216097	2
25851226294	2
25851226693	2
25851226856	2
25851234772	2
25851246466	2
25851246652	2
25851248293	2
25851250634	2
25851265960	2
25851267110	12
25851269062	2
25851273619	2
25851278516	2
25851293803	2
25851309902	2
25851314319	2
25851327273	2
25851335772	2
25851342517	2
25851345057	2
25851360370	2
25851374607	2
25851378291	2
25851382024	2
25851384876	2
25851389647	2
25851396237	2
25851401572	2
25851408503	12
25851409273	2
25851415803	2
25851417536	2
25851424831	2
25851425013	2
25851440267	2
25851445589	2
25851454330	2
25851464334	2
25851474357	2
25851482344	0
25851486730	2
25851495635	2
25851501469	2
25851503002	2
25851503830	2
25851511687	2
25851514325	2
25851523467	2
25851538339	2
25851538984	2
25851540832	2
25851540921	2
25851547155	2
25851550717	2
25851570982	2
25851572761	2
25851576512	2
25851576603	12
25851590285	2
25851595476	2
25851610429	2
25851617230	12
25851617297	2
25851617777	12
25851640337	2
25851647951	2
25851650181	2
25851657544	2
25851658432	2
25851667477	2
25851668314	2
25851670199	2
25851671440	2
25851684099	2
25851690970	2
25851704285	2
25851704341	12
25851712155	2
25851718462	2
25851726297	2
25851746892	2
25851753609	2
25851763581	11
25851763711	11
25851788713	2
25851806986	2
25851808741	2
25851810170	2
25851821806	2
25851830889	2
25851846901	2
25851852903	2
25851854355	2
25851857648	2
25851860787	2
25851860959	2
25851877648	2
25851887246	2
25851897225	2
25851903320	2
25851903474	2
25851906797	2
25851908196	14
25851910413	2
25851920370	2
25851924892	2
25851943338	13
25851957913	2
25851961765	2
25851967312	2
25852016516	2
25852064071	2
25852093412	12
25852099570	2
25852099741	2
25852102332	2
25852110330	2
25852165411	2
25852180016	2
25852212943	2
25852214133	2
25852239822	2
25852282781	2
25852284593	2
25852298222	2
25852304528	2
25852307655	2
25852328293	2
25852343051	2
25852346683	2
25852347168	2
25852365675	2
25852375267	2
25852376281	2
25852393865	2
25852401071	2
25852403779	2
25852411726	0
25852436956	2
25852438405	2
25852448805	2
25852455206	2
25852472496	2
25852475222	2
25852499438	2
25852500026	2
25852509766	2
25852546444	2
25852563247	2
25852564984	2
25852571929	11
25852584868	2
25852608723	2
25852671683	2
25852695303	2
25852718397	2
25852746918	2
25852752539	2
25852753820	2
25852762713	2
25852769817	2
25852796744	2
25852823542	2
25852854792	2
25852881602	2
25852904568	2
25852934359	2
25852974415	2
25852980963	2
25852987032	2
25852994402	2
25853000516	2
25853018496	2
25853029832	12
25853049584	2
25853052375	2
25853070348	13
25853101068	2
25853102111	2
25853113406	2
25853118085	2
25853150475	2
25853161013	2
25853178698	2
25853210016	2
25853226727	2
25853242244	2
25853263041	14
25853268422	2
25853284601	2
25853324624	2
25853329609	2
25853387440	2
25853409887	2
25853417442	2
25853423128	2
25853522123	14
25853530198	2
25853579493	12
25853651849	2
25853761829	12
25853762046	12
25853764162	2
25853769167	2
25853805259	0
25853811798	2
25853838080	2
25853853492	2
25853876392	2
25853887867	2
25853896305	2
25853967712	2
25853979093	2
25854097024	2
25854113278	2
25854116591	2
25854117338	2
25854129048	2
25854215079	2
25854269346	12
25854278873	2
25854362669	2
25854462890	2
25854474839	2
25854483177	2
25854488704	2
25854492950	2
25854495085	2
25854515817	2
25854532001	2
25854532776	2
25854542933	2
25854563747	2
25854597372	2
25854599132	2
25854599369	2
25854613922	0
25854689101	14
25854717736	2
25854730158	2
25854803258	0
25854826647	2
25854849548	2
25854872068	2
25854874042	2
25854883437	2
25854888430	2
25854914186	2
25855004770	2
25855006291	2
25855030003	2
25855104498	2
25855114377	2
25855123369	2
25855189913	2
25855207773	2
25855255448	2
25855288753	2
25855364471	2
25855396374	11
25855411788	0
25855417774	2
25855449810	2
25855458439	2
25855465348	2
25855543500	2
25855554365	2
25855583942	2
25855674430	2
25855686882	2
25855691188	12
25855708281	2
25855720388	11
25855761906	2
25855792278	2
25855903572	11
25855921416	2
25855930714	2
25855947191	11
25856006894	2
25856024418	11
25856051492	2
25856124046	2
25856155474	0
25856170926	0
25856178565	2
25856269610	2
25856293895	2
25856332375	0
25856354091	2
25856415910	2
25856433404	12
25856486759	2
25856513695	2
25856544625	0
25856620250	2
25856672891	2
25856784625	2
25856829201	2
25856929977	2
25856956616	2
25857011187	2
25857049830	2
25857123471	12
25857123960	2
25857192725	2
25857196799	2
25857201105	2
25857241913	2
25857297157	11
25857298083	2
25857372415	2
25857387653	2
25857388282	2
25857403504	2
25857414842	2
25857421691	2
25857604226	0
25857604226	0
25857759180	11
25857784019	2
25857886227	2
25857903433	2
25858086040	2
25858092736	2
25858211025	12
25858372385	2
25858429996	2
25858482881	2
25858643503	2
25858673205	2
25858728163	2
25858729313	2
25858737880	2
25858798119	2
25858861906	2
25858947972	14
25858951987	2
25858955403	2
25859076462	2
25859213025	2
25859261871	2
25859293333	2
25859390955	2
25859392828	2
25859413421	13
25859493211	11
25859510594	2
25859560429	2
25859701582	0
25859737831	2
25859851636	2
25859991032	2
25860325096	0
25860350211	2
25860408440	2
25860417425	14
25860467408	2
25860498521	0
25860628088	2
25860634084	0
25860634182	0
25860644614	2
25860726291	2
25861084459	2
25861213637	0
25861269612	2
25861472384	2
25861503767	0
25861570531	2
25861588234	2
25861622180	2
25861668509	2
25861727170	0
25861767022	0
25861777335	13
25861796137	2
25861810142	2
25862187679	2
25862609812	11
25862620147	2
25862966638	2
25863032413	2
25863273242	0
25863805226	11
25864022070	2
25864259603	2
25864439757	11
25864598074	2
25864684132	2
25864686112	2
25864707578	11
25865021816	2
25865663193	2
25865694383	11
25865694410	11
25866076743	11
25866143498	2
25866252680	0
25866269141	0
25866414350	12
25866465224	2
25866466704	2
25866475690	2
25866525090	12
25866544398	2
25866741240	0
25866769958	2
25866914724	0
25867201974	2
25867230978	2
25867335149	2
25867336872	2
25867535321	0
25867617194	2
25867662778	2
25867914210	0
25867997669	11
25868025343	11
25868115343	11
25868239305	11
25868568476	12
25868929512	0
25868966952	0
25868967533	0
25869159566	0
25869684052	2
25869915076	12
25869937610	2
25870038483	2
25870052436	12
25870182454	2
25870429272	13
25870506934	2
25870515275	2
25870919955	2
25870923501	2
25870964681	2
25871494985	2
25871512440	2
25871526605	11
25871873811	12
25872034192	2
25872067772	2
25872295744	2
25872362183	0
25872424982	2
25872466859	2
25872505951	2
25872819977	13
25872902121	2
25872911439	0
25873098708	2
25873121595	2
25873188507	2
25873195070	11
25873218915	14
25873303954	2
25873544008	13
25873639369	2
25873643779	2
25873650490	2
25873711731	2
25873726988	2
25873749951	2
25873858862	2
25873954189	12
25874105464	12
25874110350	2
25874151646	11
25874203062	12
25874203087	12
25874234340	12
25874275315	14
25874309701	2
25874333769	12
25874475138	2
25874583621	12
25874716883	0
25874905742	2
25875075900	2
25875181553	2
25875233738	12
25875413393	2
25875469892	11
25875587457	11
25875711182	2
25875866528	2
25875959435	2
25876100727	2
25876287601	11
25876308471	11
25876764562	2
25876822417	2
25876909193	2
25876949837	2
25876974461	12
25877013452	2
25877059382	2
25877163477	0
25877404090	0
25877423533	0
25877484580	12
25877656258	2
25877691472	2
25877927192	12
25877981682	2
25878022936	0
25878083198	2
25878230554	2
25878318096	2
25878669245	2
25878709601	2
25878771082	14
25878791383	2
25878857218	12
25878883425	2
25878980389	2
25879030295	2
25879064604	2
25879074190	2
25879136009	2
25879176562	2
25879433298	2
25879443130	12
25879498818	2
25879661407	0
25879831253	2
25879984975	2
25880111626	2
25880215357	2
25880330677	2
25880384529	2
25880482160	11
25880596319	2
25880626132	2
25880828915	11
25880836136	13
25880839061	14
25880887218	2
25880935856	2
25880965963	14
25881017233	0
25881123156	12
25881185502	2
25881204371	0
25881360809	2
25881605075	14
25881654142	2
25881818836	0
25881857199	12
25881867379	2
25882123299	2
25882148046	12
25882162651	2
25882665683	2
25882679501	14
25882769954	0
25882804426	11
25882964062	2
25883760524	12
25883934080	0
25884049524	12
25884115487	11
25884209923	11
25884435194	2
25884443796	12
25884460052	11
25884997276	14
25885054666	12
25885091051	2
25885171224	13
25885254006	11
25885273107	11
25885310676	2
25885417490	13
25885420769	11
25885438518	11
25885560207	2
25885641014	13
25885729622	13
25885754764	11
25885950827	12
25885951120	2
25885990660	13
25886078686	11
25886140185	13
25886363271	11
25886389231	14
25886609143	2
25886715774	0
25886720346	11
25886822217	0
25886897839	2
25887022747	12
25887320456	11
25887375167	12
25887386426	2
25887642796	2
25887753375	0
25887768360	13
25887769072	13
25887866369	14
25888043808	11
25888110576	11
25888134260	12
25888269217	11
25888395847	2
25888447371	11
25888484281	2
25888548381	2
25888794761	11
25888858217	2
25888885746	2
25888896186	2
25888965232	2
25889324292	13
25889327282	14
25889351095	11
25889911857	12
25889925821	14
25889955155	2
25890347615	2
25890770533	11
25890940613	2
25891061556	2
25891099825	2
25891485288	2
25891578228	11
25891578969	11
25892138831	2
25892288497	2
25892338339	2
25892529221	11
25892531311	11
25892532316	11
25892688610	11
25892691522	2
25892769344	11
25892783133	12
25892857942	11
25892903644	12
25893074766	11
25893155095	2
25893330602	11
25893376118	2
25893816743	14
25893898474	0
25893953530	0
25894125245	12
25894202848	11
25894462837	2
25894905244	2
25894953381	12
25895163681	14
25895203567	2
25895615592	0
25895755357	12
25895806790	2
25895858850	11
25896166925	11
25896559456	13
25896755771	2
25896766511	12
25896816418	11
25896996960	11
25897093052	2
25897249149	2
25897306335	2
25897341127	11
25897366933	0
25897455542	14
25897461434	2
25897581164	0
25897589312	11
25897757391	2
25897881567	11
25897904887	11
25897928461	11
25898084383	2
25898112656	2
25898189432	12
25898257941	11
25898411201	11
25898423037	2
25898528183	2
25898611281	11
25899026843	11
25899030409	2
25899195279	13
25899195319	13
25899369560	12
25899418357	2
25899457672	2
25899651929	13
25899657500	11
25899780173	0
25899842163	0
25900005571	13
25900016715	13
25900373830	11
25900374778	11
25900512080	0
25900592876	0
25900730016	0
25900762115	2
25900781550	0
25900898122	11
25900932822	13
25900935394	11
25900990089	11
25901078842	11
25901086793	0
25901114578	11
25901139159	12
25901163345	2
25901169032	11
25901185501	11
25901190952	11
25901420411	11
25901451746	0
25901515508	11
25901528939	11
25901553242	11
25901553741	11
25901575701	11
25901582589	13
25901582778	13
25901601474	14
25901624559	11
25901649744	11
25901681026	11
25901736488	11
25901747904	11
25901749688	11
25901765426	11
25901808933	2
25901896177	11
25901933037	11
25901995672	11
25902230428	11
25902273433	11
25902395266	12
25902458733	2
25902574579	2
25902665023	0
25902690684	12
25902705359	2
25902800474	11
25902804515	11
25902853535	11
25903023848	11
25903383538	11
25903511049	2
25903638858	12
25903681641	11
25903726179	0
25903786354	11
25903819238	13
25904044868	11
25904120448	11
25904222775	2
25904232426	0
25904306840	2
25904457421	2
25904747553	2
25904847266	0
25904946882	0
25905039301	11
25905097741	0
25905117461	2
25905117994	0
25905388423	0
25905663031	13
25905784608	0
25905788309	13
25905835596	2
25905875904	2
25906026364	2
25906046661	13
25906350056	2
25906384473	0
25906471471	2
25906521488	2
25906834820	0
25906982115	13
25907008406	2
25907042275	13
25907042454	11
25907084721	2
25907297098	2
25907882399	14
25907928284	11
25907957514	2
25908164143	0
25908194569	11
25908208342	2
25908222973	11
25908382888	2
25908577807	2
25908965361	2
25909194223	11
25909448719	11
25909478210	2
25910247388	12
25910282613	12
25910544402	11
25910650608	0
25910672559	2
25910695848	11
25910865222	12
25910895126	13
25911048000	11
25911215942	12
25911294952	0
25911295067	2
25911451040	0
25911602188	2
25911633084	0
25911929496	11
25912092826	2
25912166286	0
25912507156	0
25912605430	0
25912852225	0
25913320374	2
25913427408	14
25913456954	12
25913661037	11
25913710528	0
25913712697	2
25913784380	13
25913875913	11
25913983438	11
25914051965	0
25914139234	11
25914513818	12
25914710024	12
25914750883	11
25914812708	11
25915026434	2
25915059031	2
25915288857	2
25915329763	11
25915351153	0
25915383915	2
25915457524	11
25915579271	11
25915585643	0
25915682688	0
25915742835	14
25915788435	0
25915834818	2
25915923465	2
25915964473	11
25916359207	11
25916533806	0
25916757393	11
25916809688	11
25916878469	12
25917112627	2
25917160047	11
25917478069	2
25917496523	2
25917499226	13
25917956504	14
25917956504	14
25918156380	0
25918230549	0
25918298211	14
25918416831	14
25918443312	2
25918868531	11
25919120492	12
25919242675	2
25919310894	11
25919436457	12
25919474596	14
25919657362	2
25919758317	0
25919999316	11
25920096127	13
25920275661	0
25920694300	14
25920833658	0
25921223295	2
25921475423	2
25921512564	14
25921594112	0
25921646101	0
25921828447	11
25922057504	2
25922685371	2
25923017811	2
25923035656	2
25923177629	2
25923506893	11
25923886495	11
25924204186	11
25924692842	0
25924701134	11
25924916026	11
25924996448	11
25925184781	2
25925368125	2
25925820035	12
25926389385	11
25926579503	2
25926658009	2
25926722247	11
25926859274	0
25927039739	2
25927058057	11
25927088152	2
25927252522	0
25927443781	2
25927553784	2
25927576573	2
25927588694	2
25927647331	12
25927649700	2
25927659316	2
25927666666	2
25927672430	11
25927687664	12
25927707416	2
25927760161	2
25927816640	2
25927837037	2
25927922636	2
25927929223	2
25927946994	2
25927958052	2
25927966852	2
25927982372	2
25928006936	2
25928019466	2
25928041326	2
25928070721	2
25928102844	2
25928133795	2
25928148678	2
25928152201	2
25928192965	2
25928221298	12
25928238951	2
25928295627	12
25928299099	2
25928321150	2
25928358369	2
25928381426	2
25928401408	2
25928434896	2
25928461617	2
25928469377	12
25928498304	2
25928660051	2
25928695717	2
25928702452	2
25928704564	2
25928811910	2
25928943564	14
25928944592	2
25929036557	2
25929060352	2
25929096075	2
25929200978	2
25929295355	2
25929373342	2
25929438091	2
25929915045	0
25930326583	2
25930415904	0
25930486337	0
25930514105	0
25930816758	2
25931148207	2
25931227751	2
25931318046	2
25931334340	0
25931350569	2
25931586082	2
25931629848	12
25931673725	2
25931834338	2
25931918308	2
25932111583	2
25932230954	11
25932299457	2
25932641476	11
25932653598	2
25932680301	2
25932892549	2
25932922316	2
25932929919	2
25933082518	2
25933115595	2
25933208451	13
25933244587	2
25933378233	0
25933396174	2
25933459591	0
25933461545	12
25933696253	12
25933950049	2
25933959349	2
25934151605	2
25934302842	2
25934316911	2
25934421847	2
25934616727	2
25934638082	2
25934733475	2
25934750220	2
25934860584	0
25934886777	2
25934936855	2
25934952354	11
25934994507	2
25935027231	2
25935102600	2
25935132320	11
25935189015	2
25935199784	11
25935321509	11
25935359409	11
25935432003	2
25935521564	2
25935524967	2
25935632675	2
25935697357	11
25935698269	11
25935715190	2
25935734813	2
25935738935	14
25935832866	2
25935849347	13
25935856537	2
25936017579	2
25936026064	2
25936049671	2
25936094017	2
25936126408	11
25936173005	0
25936189080	11
25936337884	2
25936599147	11
25936604873	2
25936626240	12
25936678400	11
25936697380	11
25936972271	11
25936981978	11
25937072215	12
25937102306	12
25937182938	12
25937202605	12
25937276931	13
25937787563	12
25938550447	14
25938597941	14
25938712031	2
25939103221	2
25939149419	11
25939169230	2
25939296221	2
25939320880	2
25939355017	14
25939371625	11
25939420723	2
25939477233	11
25939730046	14
25939739122	11
25939772807	14
25939855163	2
25939921168	11
25939936347	11
25939973034	2
25940036308	11
25940483449	14
25940492008	2
25940601830	2
25940610573	2
25941466099	11
25941539948	12
25941580171	2
25941585817	2
25941629826	0
25941646839	13
25941659806	2
25941816532	14
25941840897	2
25941998535	11
25942046039	13
25942076002	13
25942150265	13
25942495341	2
25942864651	2
25943236141	2
25943236141	2
25943400057	2
25943482037	2
25943582321	14
25943585997	2
25943598589	2
25943787147	14
25944260178	2
25944419268	14
25944607380	2
25944899101	0
25945163623	11
25945312110	2
25945356505	2
25945681272	14
25945691765	2
25945760194	2
25945954786	13
25946777349	14
25946806323	11
25946894552	11
25947173680	2
25947531173	2
25947737022	12
25947883614	2
25948318460	2
25948403836	12
25948497217	12
25948511659	2
25948517878	2
25948525201	12
25948548527	12
25948565422	12
25948751352	0
25948961239	2
25949107136	2
25949149555	13
25949158589	12
25949245345	12
25949247277	12
25949294391	11
25949294546	12
25949327082	12
25949505371	14
25949669558	12
25949669582	12
25949683466	12
25949701397	12
25949751823	11
25949812228	12
25949869294	12
25949880483	12
25949982375	12
25950075465	13
25950169179	12
25950326471	11
25950415217	2
25950502729	12
25950572929	12
25950634109	13
25950817529	12
25950995511	12
25951394611	11
25951461911	12
25951564619	2
25951700724	2
25951719163	11
25951806097	12
25951914609	12
25952107768	12
25952827179	0
25952875916	11
25953101541	0
25953443176	12
25953470141	12
25953737798	12
25953741983	12
25953845257	2
25953896584	13
25953936481	12
25954287431	14
25954588423	12
25954588453	12
25954778978	12
25954862542	12
25954943478	12
25955021872	2
25955174473	0
25955884300	2
25956054615	0
25956054676	0
25956086291	12
25956117094	2
25957060397	2
25957169662	0
25957272898	2
25958666909	13
25959348976	12
25959435466	13
25959765390	0
25960150753	14
25960347685	0
25960811896	13
25960866842	11
25961411649	11
25961690002	11
25961759870	0
25961795496	11
25961942195	2
25962564256	13
25962736410	12
25963058428	11
25963151218	2
25963588830	14
25965343149	2
25965491819	11
25965611785	11
25967229373	2
25967944839	14
25968084907	0
25968243302	0
25968551555	12
25968621994	12
25968745317	12
25969271866	12
25969533559	12
25970199305	14
25970652360	13
25971403226	0
25971584481	11
25971624860	11
25971637580	11
25971648461	11
25971707522	0
25972152158	12
25972793766	0
25973009718	0
25973153501	2
25973191024	0
25973267610	0
25973403915	12
25973823941	0
25974032643	0
25975266402	11
25975623059	0
25977005338	0
25977113557	0
25977191010	0
25977322693	0
25977455156	12
25977581660	2
25978086700	14
25978350393	13
25978364874	0
25978766804	0
25978868817	0
25979079012	0
25979488160	11
25980302251	12
25980317251	0
25980728422	11
25980983634	12
25981142072	12
25981359782	12
25981702091	0
25981835165	14
25981848385	0
25981851112	12
25982073617	14
25982292985	14
25983152597	14
25983659752	12
25985559850	0
25985623392	0
25986278639	0
25986281863	0
25986794710	2
25986874060	0
25987705736	2
25987910366	12
25987930425	12
25988106665	12
25988141637	0
25988206581	0
25988931554	11
25989619745	2
25989634579	11
25990066672	0
25990154048	0
25991354717	0
25991597097	2
25991675516	0
25991738573	0
25991752143	0
25991879270	0
25992031143	14
25992428175	11
25992467966	2
25992493720	0
25992551824	0
25992682782	0
25992811267	0
25992901330	2
25993469868	2
25993946647	0
25994003989	0
25994081586	0
25995092059	2
25995099314	2
25995099542	2
25995099611	2
25995114568	0
25995683706	0
25995791257	0
25995816066	14
25995963491	14
25996058202	0
25996119693	0
25996253801	2
25996311275	0
25996351715	0
25996412757	0
25997311620	13
25997550983	0
25997553751	11
25997613700	11
25997954043	0
25998002743	12
25998005033	0
25998061287	14
25998472150	0
25998829958	0
25999404775	12
25999423710	12
25999535894	12
25999575951	12
25999587117	12
25999623089	12
25999722752	12
25999841628	12
25999937847	12
26000021528	12
26000194207	0
26000274768	0
26000483258	12
26000504668	12
26000839278	14
26000930273	14
26001084525	11
26001313724	14
26001313724	14
26001364973	12
26002273256	14
26002337439	14
26002985887	14
26003110732	14
26003168204	14
26003190584	14
26003230243	14
26003292484	2
26003313827	14
26003323678	0
26003334816	2
26003368198	0
26003560122	2
26003902366	14
26004225504	14
26004334041	0
26004430416	0
26004974801	12
26005024066	12
26005422578	0
26006042285	2
26007395522	11
26007491285	11
26008137707	0
26008155223	11
26008235934	0
26008287312	2
26008314519	0
26008346394	0
26008403088	0
26008403569	0
26008407609	0
26008587714	2
26008742851	0
26008960577	14
26008960894	14
26008969857	0
26009014335	2
26009221380	2
26009386607	2
26009478898	2
26009516976	2
26009535476	2
26009679800	2
26010089959	13
26010416252	12
26010441445	14
26010545074	2
26010574003	2
26010977255	0
26011024452	0
26011744052	12
26011807834	0
26011898915	0
26011958897	0
26012503537	0
26012642463	0
26012729445	0
26012804267	0
26012981401	2
26013426532	0
26013526537	0
26014098226	0
26014284167	12
26015224975	0
26015346302	14
26016686733	14
26017610778	0
26017750985	0
26017853768	0
26018194720	2
26018364661	2
26018552937	0
26018638848	2
26018696060	2
26018924162	12
26018968686	2
26019335105	2
26019382474	12
26019610003	2
26019745750	12
26020420833	0
26020734511	13
26021178470	11
26021206820	0
26021855907	0
26022584264	0
26022867128	2
26022888067	11
26023322103	0
26023609871	2
26023743506	2
26025070457	11
26025124720	12
26026904592	11
26027026603	13
26027170201	13
26027503114	0
26027540831	11
26027801721	2
26027821821	2
26028729656	2
26028835167	0
26029218184	12
26029323999	2
26029324817	2
26029548976	2
26029895887	11
26030202625	2
26030631118	2
26030865852	0
26030953051	11
26031417903	0
26031469896	2
26031606722	11
26031630476	11
26033712277	14
26033974248	12
26034008258	2
26034062695	11
26034888618	11
26035260285	11
26035791227	11
26037327215	11
26037570509	0
26039150360	2
26039212809	2
26040611200	12
26040979637	2
26041645407	12
26041681324	12
26043704135	12
26044373188	2
26044625153	2
26045000270	2
26045500526	0
26045569060	2
26045670132	0
26045724065	2
26045828348	2
26046756053	11
26046817700	0
26046852791	0
26047058206	0
26047374320	11
26047503560	12
26047607614	11
26047835007	0
26047946730	11
26048194166	13
26048404514	0
26048956129	2
26049306093	0
26049333973	13
26049519947	2
26049643629	0
26050043228	11
26050220859	2
26050272316	12
26050411318	2
26051032708	11
26051274355	11
26051331317	0
26051482121	11
26051482859	0
26051722674	12
26051804785	0
26051885727	0
26051895626	0
26051976837	11
26052022327	0
26052322481	11
26052688160	12
26052901424	12
26053037214	2
26053127492	2
26053294233	2
26053507171	0
26053625112	11
26053759245	2
26053841091	11
26053982670	11
26054026793	11
26054042128	11
26054106677	11
26054207219	0
26054605664	11
26054774686	2
26054890467	2
26055016216	11
26056523034	11
26056940864	11
26057194880	0
26057930979	2
26058101525	0
26058799845	13
26059158261	0
26059225476	0
26059225508	0
26059235169	13
26061858351	0
26061974748	11
26062108690	11
26063607146	11
26064169429	0
26064330830	2
26064870450	0
26064879844	11
26064879844	11
26065165827	0
26065374240	11
26066130997	2
26069372019	0
26070604814	0
26070617274	0
26071642461	14
26071794705	13
26074353149	0
26074594561	0
26074783908	11
26074783958	11
26074784214	11
26074784238	11
26074784262	11
26074784271	11
26075607657	0
26075782369	11
26076340913	11
26076663688	11
26076694505	0
26076831889	12
26076968096	2
26077053547	0
26077108006	11
26078910498	0
26079026102	0
26079451907	12
26079496009	0
26080036003	0
26080344130	12
26080385413	0
26080871303	0
26081035128	0
26081089873	0
26081172585	0
26081187103	12
26081190489	11
26081231268	2
26081243185	2
26081243788	2
26081392807	12
26081654548	0
26081888553	0
26081973311	11
26082377319	0
26082414720	0
26082504880	2
26082525335	2
26082557233	2
26082891675	0
26083012709	0
26083096770	2
26083726177	2
26083737851	2
26084390121	2
26084649291	2
26084710615	2
26084793779	2
26085356312	12
26085532122	2
26085601958	0
26085724699	0
26087470561	0
26088541011	2
26088818539	2
26088988820	14
26089342246	13
26089342505	13
26089624101	11
26089798439	11
26089901542	0
26091094470	12
26092137313	14
26092443356	0
26092605576	13
26093097661	0
26093213613	0
26093552306	12
26093712189	0
26094836717	13
26096019646	11
26096434823	12
26096778943	11
26097158533	0
26097366232	11
26097495790	2
26097911333	0
26098336161	0
26098423737	2
26098482105	0
26098706800	11
26099054877	0
26099068960	0
26099404503	0
26099423922	0
26099485701	0
26099487170	0
26099490280	0
26099494311	0
26099505359	0
26099509510	0
26099558322	0
26099751328	0
26099869554	11
26099894703	0
26100168804	0
26100232497	2
26100294712	0
26100439726	0
26100442366	11
26100549432	0
26100704016	2
26100733949	2
26100774353	2
26100830591	0
26100865439	2
26100978801	0
26100984019	11
26100984364	11
26100984377	11
26100984417	11
26100984585	11
26100984648	11
26101187443	2
26101339472	0
26101507559	0
26102230606	0
26102313135	0
26102353598	0
26103019970	0
26103267711	0
26104234311	0
26104332265	0
26104355728	0
26104367643	0
26105280031	12
26107095169	0
26107120174	0
26107140510	0
26107732328	0
26108283972	0
26108565694	11
26108602562	2
26108647397	2
26108690975	2
26109236186	11
26109768983	0
26109822500	11
26109846742	14
26109855313	11
26111065591	0
26111420831	0
26112479216	11
26113034693	2
26114633150	11
26114742817	11
26115783204	11
26115825410	11
26115849071	11
26116053658	11
26116060732	12
26116077514	12
26116392562	13
26116612630	13
26116647446	0
26116679084	11
26116724802	12
26117501611	11
26117620209	0
26118982013	12
26119574826	11
26119803122	2
26120171437	2
26120212814	11
26120355605	11
26120670385	0
26120670386	0
26121001495	12
26121594371	11
26121982155	0
26122803264	0
26122965422	11
26123318511	2
26123474396	2
26124015628	13
26124343945	11
26124675331	0
26124707534	11
26124779268	11
26124871414	11
26124924334	0
26125227762	0
26125548844	11
26125598785	2
26125683541	2
26125814502	0
26125950703	0
26127077526	0
26127343192	0
26127376962	13
26127404784	0
26127417707	12
26127958459	0
26129078897	0
26129313341	0
26130199219	0
26131705433	0
26131790647	11
26131831729	0
26132365565	2
26132536431	11
26132588733	2
26133131157	0
26133379508	2
26134028853	11
26134209393	11
26134295067	2
26134398768	11
26134777133	0
26134814859	0
26135534282	11
26135862580	0
26136090528	11
26136215383	11
26136270275	11
26137092831	11
26137350172	2
26137921408	0
26140780432	0
26141764270	0
26141766387	11
26141876561	11
26142518450	11
26142763036	0
26143306131	0
26143452895	2
26144715253	0
26144804044	12
26144821201	12
26144892927	12
26145059793	0
26146441942	0
26147115298	2
26147668158	0
26147698181	11
26147712366	0
26147770553	0
26147786815	13
26148858391	0
26148860576	0
26149099630	0
26149635055	0
26149857674	2
26150065465	14
26151691820	12
26151755677	0
26151756603	0
26151757074	0
26151757220	0
26151766697	0
26151954887	0
26151961865	0
26152063488	0
26152177449	0
26152273239	0
26152654760	0
26153888197	0
26153910416	0
26157228121	11
26157236424	0
26158246035	13
26159362920	0
26160248464	0
26160870136	0
26161488490	11
26161961553	0
26162273686	11
26162288345	11
26162923676	11
26162973356	11
26163780652	0
26163930623	12
26165084351	2
26165152230	0
26165449875	2
26166227041	0
26166548889	0
26166677402	0
26166962581	0
26168024191	12
26168237423	2
26168304045	11
26168453128	11
26168804634	0
26171087777	0
26171087777	0
26172299647	11
26172659973	0
26172711805	13
26173067095	0
26173209094	11
26173238634	2
26173421126	0
26173647435	0
26174042439	2
26174042439	2
26174091811	11
26174164894	2
26174545875	2
26174718849	2
26175180611	2
26175309133	0
26175714757	12
26177532280	11
26177741231	11
26177803278	11
26178103085	0
26178508511	0
26179093407	13
26179195075	12
26179214083	0
26179257865	0
26179586573	0
26179644654	0
26179863453	0
26180127983	0
26181985118	0
26182146018	0
26182971660	11
26183590063	0
26185277042	0
26185792028	11
26186338275	2
26186352008	0
26186457393	0
26186850476	2
26186929274	2
26187029089	0
26188115820	0
26188154270	11
26188167694	2
26188174245	11
26188196803	11
26188206106	0
26188272443	0
26188283093	11
26188387301	0
26189208123	2
26191253170	0
26191623274	2
26191689256	2
26191737609	2
26191933914	2
26192088348	2
26192207001	2
26192238023	0
26192383229	2
26192412088	2
26192611032	2
26192841915	2
26192958526	2
26193052459	12
26193160714	2
26193414228	2
26194690564	2
26195320211	0
26195432204	2
26195627657	2
26196065239	0
26196078777	0
26196162831	0
26196164743	2
26196442567	12
26196690389	0
26197140025	0
26197855268	0
26197891374	2
26198363330	11
26198560126	11
26198964440	13
26199879307	2
26200819093	2
26201146481	11
26201173510	11
26201192278	2
26201492862	0
26201718905	0
26201748499	0
26201776416	0
26202017394	0
26202309220	11
26202489170	11
26202858689	11
26202919244	11
26204009167	13
26205041465	0
26205184399	0
26205372974	0
26206081076	0
26206180232	0
26207053628	13
26207249458	12
26207742019	2
26207745955	0
26207856361	0
26207893340	2
26208194388	11
26208228771	2
26208295858	11
26208313901	11
26208338712	11
26208504241	11
26209041347	0
26209150900	2
26210124712	0
26210460819	2
26210759777	2
26210800311	0
26211863119	14
26211955767	14
26211989780	0
26213025710	2
26213105215	14
26213526794	11
26214833772	14
26215753751	14
26215777375	0
26216144793	11
26216706353	2
26217358624	2
26217426871	2
26217430947	2
26217615603	2
26218221235	11
26219632508	12
26220305776	0
26222453533	0
26222855964	0
26223229322	0
26223292766	0
26224097975	0
26224227185	12
26224275181	0
26224405204	0
26224418151	0
26225430271	0
26225981109	11
26226018132	0
26226546758	11
26228672075	12
26229125778	0
26229363497	14
26229701948	0
26230226948	11
26231242259	0
26232159088	11
26232252492	2
26232504570	0
26233028222	11
26233537967	0
26233618857	12
26234119562	0
26234682722	0
26234730355	0
26234870457	0
26235000512	0
26235123203	0
26235175798	0
26235438672	0
26235755864	0
26235806918	0
26236017889	0
26236268533	2
26236712572	11
26236946877	2
26237793369	0
26238776829	0
26238808844	0
26239906982	0
26240272747	0
26241172635	11
26241222143	0
26242526144	0
26242580620	12
26243234352	0
26243334208	0
26243497200	2
26243972420	0
26245283371	14
26245438476	11
26247759809	12
26249183788	0
26249563754	13
26249636550	0
26250103814	14
26250243884	14
26250264099	0
26251817725	0
26253830170	2
26253895524	0
26257073743	0
26257342418	0
26258473306	0
26259717403	11
26260187882	0
26260187996	0
26261240213	12
26262145304	14
26262390740	14
26262404485	14
26263945699	2
26264345935	14
26265066221	0
26265719700	0
26265720136	2
26265749212	0
26265797624	0
26266083181	2
26266124867	2
26266463409	2
26268008392	11
26268603450	2
26268615327	0
26269184982	0
26270908081	11
26271629402	11
26272743692	11
26272799241	11
26272978203	11
26273075479	11
26273511999	11
26273605413	11
26273851891	11
26273988347	11
26275886044	0
26275930589	0
26275962362	2
26276087131	0
26276130914	0
26276472767	0
26276504938	12
26277164402	11
26277511267	0
26279712463	12
26281317848	12
26281487450	12
26281711845	0
26282012072	0
26282023531	11
26282528988	0
26282599297	0
26282676642	14
26282713703	0
26282729457	0
26283114463	0
26283274288	14
26283834722	0
26284265381	0
26285618410	0
26285638366	0
26286506354	0
26287034900	0
26287676304	0
26287766666	0
26287817759	0
26287817759	0
26288268478	0
26288344900	0
26289103033	2
26289546938	0
26290721186	11
26290923527	2
26290923810	2
26290924649	2
26290924899	2
26290976250	2
26291028696	2
26291101693	2
26291129215	11
26291297243	2
26291309648	0
26291460206	11
26291676726	0
26291780813	0
26292013880	12
26292429790	11
26294068694	14
26294068739	14
26294284227	11
26294393184	11
26295098678	0
26295258065	0
26295553050	0
26295594899	12
26296541502	0
26296791670	12
26296970623	0
26297159108	0
26297378590	2
26297638608	11
26297831364	11
26297848373	2
26298266659	0
26298402021	0
26299710558	0
26300076441	11
26300180671	11
26300252267	12
26300277986	11
26300403683	0
26300518783	0
26300536019	11
26300628375	11
26300984197	14
26301710352	0
26301871739	11
26302047096	0
26303087725	0
26303239004	2
26304167578	2
26304271130	0
26304385319	0
26304697504	0
26304870862	13
26304956660	11
26304976893	11
26305019954	13
26305368467	0
26305448090	0
26305566919	0
26305619801	0
26306875777	11
26307672507	0
26308222703	0
26308853595	0
26309349038	0
26309384230	0
26310163794	0
26310762353	0
26310813836	0
26310819090	0
26311069051	0
26311110816	0
26311672300	2
26312921662	0
26313231657	0
26313685691	0
26313687083	0
26313717390	13
26313763535	13
26314115669	13
26314609565	0
26315630326	12
26315690216	0
26316689600	0
26316828847	0
26316855412	0
26317208494	13
26317223947	13
26317228464	13
26317232911	0
26317414555	0
26317790467	11
26317804324	0
26318277945	2
26318995909	2
26319241860	0
26319498467	12
26319645891	12
26320136837	13
26320247512	0
26320980918	0
26321550447	0
26321888138	14
26322337134	0
26323571245	13
26324426710	0
26325029663	11
26325539058	2
26325898036	13
26326182208	13
26326757788	13
26327695254	12
26328253124	0
26328809438	0
26329160978	0
26329363755	11
26329472319	0
26329776779	12
26330344805	12
26330596462	0
26331454830	0
26333082759	2
26333585736	0
26333658939	11
26333719433	11
26333733292	11
26333809636	11
26334219734	0
26334900107	11
26335053351	0
26335468456	13
26335900667	11
26336133039	2
26336246314	13
26336692441	11
26337098117	14
26337178550	14
26339306474	0
26339688164	11
26339838058	0
26340040198	13
26340355956	12
26340425397	11
26340436591	13
26340622159	13
26340730781	14
26341079056	13
26342697496	0
26345024834	0
26346765341	11
26346767013	2
26347240375	11
26349118860	11
26349996493	2
26350720530	2
26350812743	2
26350950274	11
26352261774	13
26352268751	13
26352292500	12
26352475112	11
26352478195	14
26352668684	12
26353036079	12
26353502331	11
26353520082	0
26353573927	13
26353660202	2
26353799956	0
26354237681	0
26354673487	0
26355527027	11
26355706124	11
26356142184	11
26356481129	11
26357074281	2
26357650365	11
26357889825	11
26358146559	2
26358152161	2
26358682323	2
26358839887	0
26358975530	14
26359505130	11
26359516658	2
26360279715	0
26361354406	13
26361777749	0
26361809931	13
26361819069	0
26362589620	0
26364306640	2
26364341481	2
26364800213	2
26365729015	2
26365830024	2
26367540586	2
26367686841	2
26367774183	2
26367832326	2
26367978642	2
26369405903	0
26369508900	2
26369577874	0
26370008859	11
26370088519	2
26370407347	11
26370749882	0
26371267015	11
26371815309	2
26372406156	2
26372425507	0
26372777545	11
26372946759	14
26372946759	14
26373213492	0
26373681488	0
26374369453	2
26374524774	2
26374663636	12
26374670386	2
26375378257	2
26375655594	0
26377201777	0
26378206147	14
26378308853	2
26378581259	14
26378604721	12
26378724798	12
26378811874	0
26379037984	11
26379397220	11
26379423650	14
26379446626	11
26379716922	2
26380065324	11
26380503723	11
26381404680	14
26381422796	0
26382112210	12
26382157385	12
26382312125	0
26382644857	2
26383389879	0
26383451131	2
26384082977	0
26384799019	0
26384864452	0
26385401014	2
26385431604	2
26385524076	14
26385708595	14
26385800356	0
26386003880	0
26386209433	0
26386390693	0
26386955936	0
26387323603	0
26387601549	0
26387744517	0
26387923648	11
26388097138	0
26388412371	0
26388472125	0
26388479375	0
26388530002	0
26388564350	2
26388598157	0
26388604576	11
26388620458	0
26388807930	0
26389044351	11
26389310482	13
26389649749	0
26389650222	0
26390403673	2
26390432228	0
26390437505	2
26390968021	12
26391510979	0
26392277056	2
26392375086	0
26392721742	12
26392847495	12
26393034688	12
26393208527	12
26393248289	2
26393534155	12
26393540340	0
26393752967	0
26393896334	14
26393919303	12
26394107153	0
26394140525	11
26395065928	0
26395112184	0
26395268563	13
26395306956	12
26396487745	0
26396491001	11
26397128524	12
26397605042	14
26397859217	0
26398504933	11
26398602719	0
26399007160	0
26399198347	0
26400050708	14
26400484108	12
26400634281	0
26400677946	11
26400735377	2
26400792351	2
26400802839	2
26400824432	2
26400831076	2
26400883589	2
26400912689	2
26400981316	2
26401194567	0
26401253869	2
26401257660	12
26401376595	2
26401638673	0
26402560276	0
26402724215	2
26402760862	11
26403002784	11
26403051603	11
26403430548	11
26403456201	2
26403516466	2
26403525167	0
26403931719	0
26404206645	2
26404660107	0
26405224919	13
26405767559	13
26405828639	13
26405831290	13
26405832432	13
26405844534	13
26405847682	13
26405887604	13
26405888728	13
26405889124	13
26405892934	13
26405893124	13
26405893483	13
26406068932	2
26406137378	2
26406554546	0
26407355466	11
26407404869	2
26407577984	14
26407642607	2
26407656843	0
26407663753	0
26407774331	0
26408074116	0
26408128709	2
26408155063	2
26408346207	2
26408574875	2
26409218238	13
26410497181	0
26410763206	13
26411823329	2
26411880513	13
26412000552	0
26412861968	13
26413591974	11
26414622431	12
26414675439	0
26414845593	14
26415073660	0
26415111651	0
26415230905	0
26416912477	14
26417416459	0
26418246727	12
26419025539	13
26419061076	14
26419067627	13
26419116084	13
26419220638	13
26419292720	13
26419578206	2
26419821721	11
26420149213	11
26420184702	11
26420756090	14
26420977172	0
26422868420	0
26423245434	13
26423308477	2
26423500889	11
26423764868	11
26424421204	11
26424967309	12
26425053055	12
26425078031	13
26425690253	2
26426686697	2
26426775437	2
26427299178	0
26428181455	12
26428568497	0
26429098874	14
26429557863	2
26430245386	14
26430396465	2
26430866339	12
26431574088	14
26431579951	12
26431717590	0
26431870340	0
26432741069	2
26433697209	0
26433819422	0
26433819663	0
26433960770	0
26434298756	0
26434299467	0
26434467531	0
26435079519	0
26435689560	2
26435710924	13
26435888287	0
26436227797	14
26436390782	0
26436897278	14
26437058302	2
26437728128	0
26437888499	11
26438083045	0
26438560398	0
26439323458	0
26439397588	2
26439870147	0
26439997138	2
26440003208	2
26440054329	0
26440129465	11
26440762092	0
26441052187	0
26441264137	0
26443337853	11
26443551125	0
26444011345	0
26444649993	11
26445799846	0
26446545272	0
26447983936	0
26448940694	0
26450086859	11
26450166402	2
26450606490	0
26450665442	0
26450688246	0
26450914476	2
26450919651	11
26451581219	0
26451589538	0
26452038161	0
26452222262	2
26452337225	14
26452346357	2
26452520618	0
26452617128	0
26452691661	0
26453179820	0
26453328009	0
26453793660	2
26453846311	2
26453909734	2
26453933309	2
26455457241	2
26455684676	2
26456672237	0
26456771264	0
26456874978	11
26457008847	2
26457186778	11
26457304912	12
26457369998	12
26458615993	0
26458657134	0
26459306441	0
26460067796	0
26460147141	14
26460613556	11
26460760773	0
26460897082	0
26461213212	2
26461369859	11
26461773374	12
26461925299	2
26462109863	12
26462144212	14
26463145455	2
26463154109	2
26463628441	14
26464196886	11
26464834724	13
26465328985	14
26466064994	11
26466388116	2
26466560448	12
26466661830	12
26466698734	12
26466733315	12
26466823847	14
26466833281	13
26466914830	0
26466967330	12
26467088554	0
26467091401	0
26467158947	12
26467502123	12
26467614322	2
26468196605	12
26468405978	2
26470339751	0
26470440073	12
26470523592	0
26470602747	0
26470997814	0
26471345715	0
26471524026	0
26471875249	0
26472087251	12
26472185861	0
26472325245	2
26472349439	0
26472438592	0
26472440394	11
26473117417	0
26473935640	11
26474342096	0
26474395079	0
26474450365	0
26474963578	0
26475113703	0
26475114649	2
26475185556	0
26475420868	0
26475426390	13
26475428934	12
26475560752	0
26475657957	12
26475793742	0
26475900871	0
26475953301	11
26476068336	11
26476111757	0
26476561534	2
26476674769	0
26476680734	2
26476874353	11
26477280118	0
26477321687	0
26477393735	2
26477917456	0
26478090892	2
26478682393	2
26478691533	11
26478805927	2
26479545304	11
26479581745	2
26479591880	11
26479619833	2
26479669732	0
26479689779	14
26480107714	0
26480405832	14
26480504431	12
26480585628	2
26480686986	0
26480770581	13
26480987778	13
26481809881	0
26482325408	2
26482362595	12
26482643400	11
26482779860	11
26482859738	0
26483092375	13
26483452552	0
26484377446	11
26484572411	11
26484845377	0
26485009143	0
26485129402	0
26486260322	0
26486342303	11
26486475770	2
26486806157	11
26487022415	14
26487436523	0
26488142208	14
26488284859	14
26489261992	13
26489292931	13
26489649504	2
26489663603	14
26489683156	12
26489763634	2
26489983600	2
26490289438	0
26490436012	11
26491227760	13
26491415852	11
26492313974	0
26493313572	2
26493392805	0
26493496325	0
26493581982	2
26494194870	0
26495066970	11
26495219793	11
26495382048	2
26495506277	12
26496697511	0
26496952411	0
26497588684	0
26500129345	12
26500167445	2
26500302071	0
26500486094	13
26500579870	13
26501125342	2
26502056844	0
26503012476	11
26503045621	0
26503091832	2
26503181183	0
26503395606	0
26503549054	11
26503638923	11
26504406388	14
26504704486	0
26505030896	11
26505089804	11
26505983297	2
26506172065	0
26506700329	0
26506867019	12
26507036156	2
26507044246	2
26507055535	2
26507066354	2
26507105681	2
26507114711	2
26507124159	2
26507140622	2
26507149271	2
26507403275	0
26507522763	0
26507652658	0
26508091564	0
26508407583	12
26508870080	11
26508938647	0
26508980296	0
26508999756	0
26509633650	0
26509797842	2
26509972408	2
26510063290	2
26510427356	0
26510556681	11
26510609710	11
26510737201	2
26511070420	11
26511082418	0
26511195945	2
26511332696	0
26511386419	0
26511485359	11
26511852806	11
26511947009	12
26512206496	14
26513084106	0
26513482684	12
26513613295	2
26513749290	14
26514227978	11
26514671223	2
26515322489	12
26515742751	12
26516009236	12
26516142806	12
26516297645	0
26516332636	11
26516521980	0
26516577727	11
26516946478	0
26517124186	0
26517467918	11
26517765616	12
26518030383	14
26518245686	11
26518457218	0
26518855045	0
26518875058	11
26519073434	0
26519075014	11
26519089052	11
26519351487	2
26519856839	0
26520197763	2
26520297102	2
26520428121	11
26520464912	0
26520504701	2
26520539190	2
26520549686	11
26520590829	11
26520699433	11
26520705840	0
26520706828	0
26520755920	2
26520930426	2
26520964663	11
26521883438	2
26521970038	11
26522295030	0
26522389056	0
26522399351	11
26523123716	11
26523931780	0
26524014367	0
26524167868	14
26524248432	14
26524249194	11
26524261712	14
26524456383	2
26526788036	12
26526862322	12
26528110246	14
26529407476	0
26529650662	13
26529670368	12
26529930915	12
26530171231	0
26530305771	11
26530351211	0
26530351288	0
26531135348	0
26532641761	0
26532734868	0
26534517889	13
26535035914	0
26536146414	14
26536426727	12
26536595461	12
26536652513	12
26538506822	0
26541109489	0
26541224748	0
26541415177	0
26541718228	0
26541816713	0
26541908750	2
26542039135	0
26542744799	0
26542809507	0
26544166713	0
26544241232	0
26544647960	0
26545980356	0
26546647375	0
26547367658	11
26547481535	11
26547548350	11
26547845513	11
26548252844	11
26548414920	11
26548611843	12
26548722009	0
26549624500	14
26550256816	14
26550290033	0
26550344351	14
26550417566	14
26550459590	14
26550466347	14
26550474548	14
26550486084	14
26550519840	14
26550545253	12
26550554968	14
26550623347	14
26550635538	14
26550682585	14
26550687282	14
26550701678	14
26550740267	14
26550823937	14
26550833502	14
26550844764	14
26550903076	14
26550903656	14
26550904440	14
26550945145	14
26551035488	14
26551045439	14
26551056366	12
26551080711	0
26551112947	14
26551198739	14
26551204607	0
26551334888	14
26551547359	12
26551585573	12
26551610047	12
26551651453	14
26551701140	14
26551893247	14
26551905508	0
26551905845	0
26552033358	12
26552137930	11
26552156450	11
26552232414	12
26552261851	11
26552305252	11
26552452644	11
26552481279	2
26552623239	11
26552690827	11
26552734142	11
26553004670	11
26553071677	11
26553359953	11
26553670620	11
26553784600	11
26553833454	12
26554014574	11
26554158066	0
26554174699	11
26554274145	11
26554290356	0
26554694224	11
26554905997	11
26555047582	2
26555077954	0
26555220434	0
26555228754	2
26555727679	11
26556248999	2
26556327407	2
26556683655	11
26556839122	2
26557168501	11
26557339254	11
26557856805	0
26558039471	0
26559257080	11
26559663781	2
26559809629	0
26560071900	2
26560557850	0
26560985363	2
26561513427	2
26561700686	11
26561846861	11
26561964673	12
26561970789	2
26562351063	11
26562600831	0
26562984463	0
26563282149	2
26563354527	2
26564101171	0
26564210180	0
26564424434	12
26564437709	11
26564852791	11
26564868815	11
26564967530	0
26565252115	0
26565315984	12
26565364058	0
26565747143	0
26566048687	2
26566903750	11
26566952527	0
26567294476	0
26567559835	11
26567697120	2
26567807589	2
26568110390	0
26568305855	11
26568602247	11
26568689032	0
26568989524	0
26569417083	0
26569616352	2
26569743409	2
26569780680	2
26569963249	2
26570677582	2
26570836062	2
26571060596	2
26571430722	0
26572274806	11
26572743285	13
26572983199	0
26573248640	13
26574121726	0
26574941780	2
26575149820	13
26575228202	11
26575231169	0
26575427510	0
26576412620	13
26576650006	0
26576889298	0
26577846521	0
26577862327	0
26577871407	2
26578495694	2
26578520715	2
26578644626	0
26578713245	2
26578853100	2
26578885308	0
26578993014	11
26579008145	0
26579060053	0
26579225621	2
26579387156	13
26579564330	0
26579765145	11
26579795405	11
26579856167	2
26579888225	12
26579895519	0
26580437796	0
26580467848	0
26580484702	0
26580553407	0
26580786825	0
26581094073	0
26581127579	11
26581194469	0
26581276644	0
26581283610	0
26581389819	2
26581566124	0
26581741670	0
26581799616	2
26582039188	0
26582177322	0
26582277479	0
26582341713	0
26582357050	0
26582480953	11
26582709439	11
26582932006	0
26583149990	11
26583547659	2
26583606208	12
26584816586	11
26584860200	0
26585345581	11
26585705798	0
26586025650	0
26586084063	2
26586706431	2
26586738451	2
26586743771	2
26586752827	2
26586809342	2
26586864361	2
26586915344	2
26586957130	2
26587007178	2
26587024784	2
26587075867	2
26587119663	2
26587133248	2
26587135401	2
26587144972	2
26587511762	2
26587622252	12
26587696731	11
26587784566	2
26588831329	2
26588907828	11
26588922684	0
26589320310	13
26589336548	2
26589363900	11
26589411010	2
26589491575	2
26589506962	2
26589622292	0
26590058793	11
26590105828	2
26590354263	11
26590480215	2
26590698765	2
26591597122	0
26591619354	0
26591772551	12
26591877306	11
26591941257	2
26592459951	11
26592873891	2
26593815839	11
26593991395	2
26594098436	13
26594448322	0
26594782692	0
26595121293	0
26596164436	2
26596444847	2
26596447544	11
26596874016	2
26597170653	11
26597617054	0
26598449446	11
26598735795	2
26599412489	11
26600083616	2
26600120188	0
26600374215	0
26600381972	11
26600518197	0
26600622757	0
26600659584	11
26601188162	0
26601323173	2
26601628094	2
26602139398	2
26602200262	11
26602414655	0
26602498201	0
26603345460	0
26603926390	11
26603974527	11
26604215664	11
26604277091	2
26604835100	0
26604835132	0
26604913770	2
26604940617	11
26605690170	13
26605772157	13
26606345082	13
26607642708	0
26607682634	12
26607831596	12
26608597024	0
26608824021	12
26608951192	12
26609051945	2
26609236502	0
26609266978	0
26609316923	0
26609463767	0
26610089337	2
26610131128	0
26610377403	11
26610986593	0
26611361845	0
26611486956	0
26611528473	11
26611551080	0
26611591995	0
26611637560	11
26612162849	0
26612992287	0
26613188547	2
26614123605	13
26614330391	0
26615137562	0
26615320823	11
26615511581	0
26616089026	0
26616775758	0
26617709405	0
26618510429	2
26619144774	2
26619410535	13
26620092111	0
26620184170	2
26620539516	0
26621555059	0
26623623208	0
26623857910	11
26624054240	0
26624494984	2
26624602132	0
26624928342	0
26625028607	0
26625896253	0
26625929157	0
26627009350	0
26627573946	2
26627897227	0
26628710690	2
26630925915	12
26632095971	2
26632720037	2
26637034411	0
26637895706	2
26638248054	0
26639310511	0
26639536991	0
26639865915	0
26641142120	2
26641317969	0
26641752588	0
26642196003	0
26642374436	2
26642450136	2
26642469222	2
26642574002	0
26642672740	0
26643009951	0
26643255024	0
26643669593	2
26643807442	0
26643903737	0
26644105691	2
26644801876	0
26645228659	2
26645652613	11
26646493409	0
26646576160	0
26646809448	0
26648249729	2
26648351745	11
26648355130	11
26648447144	12
26648803542	2
26648803542	2
26650289278	11
26650399051	2
26651109530	11
26651339035	12
26653226881	11
26653848930	2
26654240816	0
26654335881	0
26655214114	11
26655959759	0
26657535664	0
26657674674	0
26657910726	0
26658658787	11
26659067353	13
26659475996	11
26660100494	11
26660442621	0
26661067454	0
26661094712	12
26661296240	2
26661842703	11
26661870916	11
26662070029	11
26662230662	0
26662305315	11
26662723536	11
26663246106	13
26663775434	11
26664408923	0
26664610019	0
26664679005	2
26668313885	2
26668499550	2
26668880964	11
26668921852	11
26669748942	2
26670067665	11
26670075475	0
26670677835	0
26670790401	11
26671200195	11
26671217707	12
26671477169	0
26671509475	0
26671543335	0
26671611060	0
26671867041	12
26671971457	11
26672090706	0
26672138423	12
26672284034	0
26672621436	0
26672906114	11
26673044619	11
26673129092	11
26673219545	0
26673521637	2
26674904465	0
26675065793	11
26675173421	11
26675319410	11
26675566957	0
26675648935	2
26675734847	2
26675768911	2
26676262575	0
26677089545	2
26677135371	2
26677239885	2
26677243417	2
26677305623	11
26677388185	11
26677844515	0
26677901043	0
26678433900	11
26678522151	0
26679011253	11
26679290142	11
26679404236	0
26679447596	2
26679467068	0
26679791635	0
26679838562	0
26679920883	0
26680452716	0
26680509048	11
26680612147	11
26681843405	11
26681851493	0
26681987362	2
26682177470	13
26682949571	0
26683029976	2
26683331910	2
26683645370	0
26683736871	0
26683871363	0
26684893667	11
26685130085	0
26685213951	11
26685255059	0
26685256547	11
26685563341	0
26685649489	0
26685659525	0
26685796568	0
26685861863	0
26685995856	11
26686188972	0
26686302094	11
26686422398	0
26686592740	0
26686999842	11
26687226226	11
26687374474	11
26687399682	11
26687405286	11
26687704555	12
26687893956	11
26687933140	11
26688323239	11
26688323696	11
26688324666	11
26688351335	11
26688460651	11
26688653627	11
26688687973	11
26688990524	11
26689284520	11
26689393471	0
26689558215	11
26690121289	11
26691506054	11
26691555833	2
26692076767	2
26692130948	2
26692261822	2
26692266762	2
26692278458	11
26692388171	2
26692432931	2
26692551537	2
26693224482	2
26693563289	2
26693682074	2
26694376332	11
26694610566	11
26694665869	0
26694770130	0
26694781921	0
26695348234	2
26696330851	0
26696526082	11
26697604958	2
26697648728	11
26697656408	2
26697704151	0
26697842073	0
26698244548	11
26698507967	11
26698649913	11
26698667626	11
26698815068	0
26698962533	2
26699067649	2
26699248860	2
26700744419	2
26700838997	12
26701098841	2
26701822840	11
26701849777	2
26702275661	11
26703159173	11
26703454824	11
26703497308	0
26703757279	0
26704020969	2
26704097259	11
26705089690	2
26705320364	2
26705406089	2
26706063015	12
26706501287	11
26706638787	0
26706825541	2
26707175128	12
26707179613	12
26707293672	12
26707296354	2
26708142849	11
26708194221	0
26708487055	0
26708534696	0
26708627281	2
26708635690	0
26708667524	12
26708777913	2
26708788565	2
26708947412	2
26709145631	11
26709178536	2
26709924860	0
26710370762	11
26710690117	0
26711547025	11
26711647851	11
26711757990	11
26711989783	11
26712034360	2
26712057374	11
26712887031	12
26713665226	0
26715545432	0
26715891849	11
26715919106	11
26716130477	11
26716202692	11
26716952804	0
26717061799	2
26717101376	0
26717346769	0
26717371999	13
26717809051	0
26717857350	0
26717886406	12
26717886461	12
26718055098	0
26718203700	2
26718396472	2
26719819089	12
26721493459	12
26721812074	12
26722525770	14
26723112777	2
26723454494	14
26723904275	0
26726594525	2
26726866380	0
26726899663	0
26726936706	0
26726943101	0
26727141540	0
26728102055	0
26728186602	0
26729122617	0
26729395857	0
26729649301	0
26729864706	0
26731374532	0
26732874185	12
26733298179	0
26735108713	2
26737189693	11
26737218911	0
26737447349	0
26738501626	11
26739162499	11
26739341872	11
26739519372	11
26739638753	0
26739676061	0
26743152096	11
26745211630	11
26747695310	2
26748061936	0
26749436159	12
26749637426	11
26749787283	14
26750079424	0
26750536744	11
26751128623	11
26751209573	12
26751413875	11
26751611620	0
26752664622	11
26753067950	2
26753217226	11
26753540714	0
26753671676	0
26754040409	14
26754496296	0
26755040689	0
26755415281	11
26755496909	0
26755923536	11
26756447052	12
26756678009	12
26756754007	0
26756857901	0
26757004144	0
26757086653	11
26757869279	0
26758592536	2
26759181314	0
26759777033	0
26760081321	0
26761047499	0
26761096217	0
26761217964	11
26761729069	0
26762297006	0
26762468246	0
26763140742	11
26763372120	0
26763452357	0
26763728760	0
26764017748	11
26764087999	11
26764127622	11
26764453687	11
26764462538	11
26764822420	0
26764832105	11
26764952852	11
26765006589	11
26765040534	11
26765050327	11
26765483647	11
26765584521	0
26765616803	12
26765770699	0
26765771975	0
26765921988	0
26765957803	0
26765989186	0
26766119195	0
26766338012	0
26766786880	0
26768087304	0
26768097662	0
26768105190	0
26768217805	2
26768307604	12
26768443489	0
26768655510	11
26769834875	11
26770082147	11
26770083555	0
26770191992	0
26770322647	0
26770374668	0
26770375412	2
26770407566	11
26770447612	0
26770586151	0
26770750463	0
26770938297	11
26771221153	11
26771678188	0
26772114768	0
26772266755	0
26772268923	0
26772435485	11
26772877006	12
26773368926	11
26773372845	2
26774380583	12
26775375998	0
26775784643	11
26776585538	11
26777554919	0
26777762195	2
26778701237	12
26779033462	2
26779484221	2
26779540784	0
26779912746	12
26779949927	2
26781221190	11
26783521749	0
26783602288	0
26783858549	0
26784329698	2
26784460837	12
26784463143	12
26784481689	0
26784531805	0
26784544396	0
26784561224	0
26784676373	0
26784800013	0
26784952683	0
26784955618	0
26785043583	0
26785094401	0
26785367050	0
26785448808	0
26785512514	0
26785542497	0
26785593909	0
26785621054	0
26785622066	11
26785654720	0
26785767202	0
26785840593	0
26785872875	0
26786072142	0
26786123510	0
26786154520	0
26786183519	0
26786251845	0
26786266475	0
26786403720	0
26786416839	0
26786527835	0
26786585767	0
26786694651	0
26786707982	0
26786729637	0
26786750810	0
26786776823	0
26786795652	0
26786812214	0
26786894109	0
26786960881	0
26787063227	0
26787125208	0
26787127622	0
26787146162	0
26787183759	0
26787223545	0
26787238309	0
26787279703	0
26787445920	0
26787531153	11
26787694543	0
26787753142	0
26787824067	0
26787866138	0
26788001150	0
26788046889	0
26788367002	0
26788421869	0
26788603584	0
26788633580	0
26789000510	0
26789022516	0
26789496149	2
26789683093	0
26790264139	0
26790914738	0
26790927658	11
26791405700	0
26791924407	0
26792022145	0
26792611365	11
26793013929	13
26793047895	13
26793065678	13
26793344260	11
26793578923	11
26793984351	0
26794503924	11
26796306622	11
26796381004	11
26796574743	11
26796763873	11
26797767662	2
26798340680	2
26798767577	2
26800115191	11
26800349712	0
26800748942	11
26801241100	2
26801352504	2
26802361800	2
26803673668	2
26804062951	2
26804210195	2
26804273803	2
26804890340	2
26805005738	12
26805021793	2
26805065047	0
26805066096	2
26805171262	2
26805408237	11
26805427217	2
26805431291	0
26805437341	2
26805468094	2
26805617104	2
26805758735	2
26805776881	2
26805807026	2
26805891102	2
26805929201	2
26806046544	2
26806171392	2
26806259229	2
26806581278	11
26806621567	11
26806705961	12
26806713846	2
26806744350	2
26806821236	12
26806928488	2
26806954544	2
26806956428	2
26806968456	2
26807036695	2
26807058892	2
26807098530	2
26807119614	2
26807147428	2
26807558120	12
26807888943	2
26807942793	2
26807956115	0
26807978382	2
26807981619	2
26808013119	2
26808030940	2
26808110253	2
26808139730	2
26808147604	2
26808157753	2
26808209448	2
26808238337	2
26808263792	2
26808283169	2
26808292561	0
26808326481	2
26808341027	2
26808368342	2
26808455755	2
26808465006	2
26808547362	2
26808604908	2
26809092280	0
26809159582	2
26809298600	0
26809326938	0
26809394433	0
26809552358	0
26809708726	0
26809963199	0
26810018852	2
26810156438	2
26810180633	0
26810228396	0
26810253655	0
26810262492	0
26810550133	0
26810585944	0
26810644640	2
26810753295	0
26811180053	0
26811208188	0
26811356621	0
26811369503	0
26811422749	0
26811441670	0
26811671278	0
26812132841	0
26812940583	11
26813339963	0
26815917174	11
26816378105	2
26817595380	2
26818209480	11
26818995436	2
26819300602	0
26819897795	0
26820141302	0
26820141333	0
26822525098	13
26822839256	2
26823021226	13
26823092847	13
26823334426	13
26823877969	2
26825002968	2
26825326558	2
26825428971	2
26825564672	2
26825646712	2
26825704590	2
26825886348	2
26825911843	2
26825950936	2
26826048444	2
26826098878	2
26826113987	2
26826523702	2
26826538865	2
26826561807	2
26826614292	2
26826616361	2
26826664081	2
26826732248	2
26827083925	2
26827201792	2
26828023020	2
26828112167	2
26828570160	11
26828719385	2
26829227005	11
26830107478	0
26830664752	0
26830786716	0
26831257712	0
26831271672	0
26831294420	0
26831315697	0
26831484659	0
26831729991	0
26831818818	0
26831819155	0
26832331782	0
26832372253	0
26832575658	0
26832590171	0
26832591714	0
26832617456	0
26832641583	0
26832706289	0
26832821732	0
26832853209	0
26832906910	0
26833016159	0
26833046544	0
26833078285	0
26833113543	0
26833150196	0
26833202012	0
26833221686	0
26833243896	0
26833324956	0
26833379743	0
26833413898	0
26833520447	0
26833526281	0
26833553016	0
26833559728	0
26833654316	0
26833813184	0
26833938622	0
26833989457	0
26834114118	0
26834229709	0
26834274306	0
26834306666	0
26834457555	0
26834587538	0
26835261744	0
26835502145	0
26836234669	0
26837872109	11
26838134899	2
26840417528	0
26840611336	2
26840629868	2
26841105144	14
26842320352	13
26842358496	13
26842392740	13
26842398649	13
26842434801	13
26842470089	13
26842504589	13
26842535480	13
26842560785	13
26842917164	13
26843042618	12
26843110184	13
26843341929	13
26843404256	13
26843526370	13
26843608739	13
26843829470	13
26844088569	13
26844361403	13
25730875921	0
25727072981	0
25723782713	0
25737184385	0
25737739493	0
25730459855	0
25733781455	0
25734796626	0
25736826324	0
25737222159	0
25737416849	0
25736644901	0
25723032022	0
25731098456	2
25732959889	2
25732016344	2
25733574107	2
25733482976	2
25731581523	2
25734188993	2
25725231275	11
25725759110	11
25723928393	11
25729444789	11
25723052739	11
25736548800	11
25731736182	11
25724183598	11
25724248581	11
25730487368	11
25722137296	11
25721937623	12
25729326226	13
25732201329	13
25730404724	13
25732461837	14
25724761611	14
25730004695	14
25723854398	14
25724727962	14
25726088487	14
25730444033	14
25732676811	14
25727478226	14
25731497520	14
25734136285	14
25732912277	14
25727478203	14
25725187096	14
25732414861	14
25730366150	14
25728763629	14
25728566162	14
25726072111	14
